trying to keep track of the best routes we have found

10/12 overnight run of 30000 iterations
[256311.23, [[27, 7, 0], [26, 7, 0.5625], [26, 3, 1.3125], [27, 1, 0.375],[27, 2, 0.1875], [23, 3, 2.625], [25, 3, 1.875], [23, 6, 2.4375], [25, 10, 0.5625], [23, 13, 1.125], [23, 14, 0.5625], [22, 15, 0.9375], [21, 17, 0.375], [19, 18, 1.3125], [18, 19, 1.3125], [17, 21, 0.375], [15, 22, 0.9375], [14, 23, 0.5625], [13, 23, 1.125], [10, 25, 0.5625], [9, 22, 2.4375], [13, 22, 1.6875], [17, 18, 2.0625], [11, 18, 3.1875], [18, 17, 2.0625], [22, 13, 1.6875], [22, 9, 2.4375], [21, 2, 3.1875], [22, 5, 2.8125], [18, 11, 3.1875], [19, 7, 3.375], [17, 11, 3.375], [18, 7, 3.5625], [17, 2, 3.9375], [15, 5, 4.125], [9, 13, 4.125], [7, 19, 3.375], [3, 25, 1.875], [1, 27, 0.375], [2, 27, 0.1875], [3, 23, 2.625], [3, 26, 1.3125], [6, 23, 2.4375], [2, 21, 3.1875], [7, 18, 3.5625], [11, 17, 3.375], [2, 17, 3.9375], [5, 15, 4.125], [13, 9, 4.125], [3, 14, 4.3125], [3, 10, 4.6875], [13, 6, 4.3125], [14, 3, 4.3125], [10, 3, 4.6875], [7, 3, 4.875], [3, 7, 4.875], [2, 1, 5.0625], [1, 2, 5.0625], [6, 13, 4.3125], [5, 22, 2.8125], [7, 26, 0.5625], [7, 27, 0]]]
